RDX=INT175a+t_HONO 1.40E+03 3.9399E+04 5.2748E+04 3.8278E+04 6.5512E+04
RDX=RDR+NO2 1.00E+00 3.6697E+04 0.0000E+00 2.1775E+04 0.0000E+00
RDX+NO=ONDNTA+NO2 7.09E+02 3.1873E+04 3.3759E+04 4.0161E+04 4.3863E+04
RDX+NO2=INT221a+c_HONO 1.61E+03 2.0881E+04 1.2602E+04 3.0748E+04 2.3971E+04
RDX+CH2N=INT221a+CH2NH 1.84E+03 1.5200E+04 1.5595E+04 2.3469E+04 2.5038E+04
RDX+c_HONO=ONDNTA+HNO3 3.80E+02 5.3542E+04 5.4942E+04 6.5010E+04 6.6704E+04
t_HONO+t_HONO=ONNO2+H2O 9.65E+02 7.5834E+03 1.1205E+04 1.8386E+04 2.2088E+04 
INT175a=INT128a+t_HONO 1.38E+03 3.9224E+04 5.0494E+04 3.8968E+04 6.3755E+04
INT128a=TAZ+t_HONO 7.78E+02 3.1779E+04 6.2598E+04 3.2066E+04 7.4925E+04
INT175a=INT101a+CH2NNO2 3.45E+02 3.7851E+04 1.3343E+04 3.5768E+04 2.6983E+04
INT101a=CH2NCN+t_HONO 1.37E+03 3.8677E+04 5.2876E+04 3.8592E+04 6.4884E+04
CH2NNO2=HCN+t_HONO 1.31E+03 2.9233E+04 5.0026E+04 2.9367E+04 5.7417E+04
RDR=RDRO 4.45E+02 2.6202E+04 1.1151E+04 2.6355E+04 1.3115E+04
RDRO=INT176a 6.51E+02 4.6310E+03 1.2839E+04 6.6516E+03 1.4433E+04
RDRO=INT102g+CH2NNO2 5.47E+02 2.2855E+04 1.3250E+04 2.1963E+04 2.6795E+04
RDRO=RDRO_R 3.94E+02 3.3926E+04 2.3220E+04 3.3823E+04 2.4598E+04
INT176a=INT149a+HCN 7.29E+02 1.2356E+04 2.6467E+04 1.1483E+04 3.3132E+04
INT149a=CH2NHNO2+CH2NNO2 4.48E+02 2.4411E+04 1.0402E+04 2.3155E+04 2.2214E+04
INT102g=INT102a 3.94E+02 1.5134E+04 1.6602E+04 1.8198E+04 1.6629E+04
INT102a=INT58a+N2O 6.23E+02 1.6436E+04 4.5311E+04 1.5248E+04 5.7166E+04
INT58a=CH2N+CH2O 4.03E+02 6.3159E+03 1.1424E+04 5.8358E+03 2.2528E+04
INT102g=INT102b 1.18E+03 1.1997E+04 3.5078E+02 1.4872E+04 1.3805E+03
INT102b=INT75a+HCN 8.37E+02 4.6015E+03 3.2489E+04 3.6396E+03 3.9784E+04
INT75a=CH2N+c_HONO 3.98E+02 1.0576E+04 1.1727E+04 9.9146E+03 2.2967E+04
RDRO_R=INT58a+CH2NNO2+N2O 6.44E+02 1.8680E+04 5.0124E+04 1.7821E+04 7.2226E+04
ONDNTA=INT159a+t_HONO 1.40E+03 3.9404E+04 5.0910E+04 3.8968E+04 6.3880E+04
ONDNTA=INT159b+t_HONO 1.39E+03 4.0313E+04 5.2962E+04 3.9219E+04 6.5575E+04
INT159a=INT159a_RO 1.71E+02 3.3503E+04 1.7765E+03 3.2505E+04 3.5141E+03
INT159b=INT159b_RO 2.96E+02 4.1817E+04 8.6119E+03 3.8466E+04 8.2831E+03
INT159a_RO=INT85d+CH2NNO2 2.16E+02 9.0418E+03 6.4408E+03 7.0909E+03 1.7508E+04
INT159b_RO=INT101a+CH2NNO 2.96E+02 8.6119E+03 7.9160E+03 8.2831E+03 2.0269E+04
INT175a+c_HONO=INT222a 5.48E+01 4.8858E+03 4.4126E+03 1.6503E+04 3.1375E+03
INT222a=INT222a_RO 3.22E+02 1.0085E+04 2.0997E+04 1.0103E+04 2.5163E+04
INT222a_RO=INT132a+N2O+NO2 3.15E+02 1.1780E+04 1.4562E+04 1.0291E+04 3.5894E+04
INT132a=INT86a+NO2 5.70E+02 6.4997E+03 1.6960E+04 5.7731E+03 2.9179E+04
INT101a+c_HONO=INT148a 2.02E+02 1.1948E+04 1.2954E+04 2.4034E+04 1.2048E+04
INT148a=CH2NCHO+INT91a 3.37E+02 2.0039E+04 2.5963E+04 1.8261E+04 3.7651E+04
INT91a=N2O+t_HONO 2.32E+02 2.1010E+04 5.6975E+04 2.0582E+04 6.6892E+04
CH2NCHO+c_HONO=INT104a 2.36E+02 4.5325E+03 2.6361E+04 1.6127E+04 2.5665E+04
INT104a=CH2O+INT74c 3.90E+02 3.9840E+04 3.5751E+04 3.8843E+04 4.6561E+04
INT74c=HNO+HNCO 6.40E+02 4.4275E+04 3.5661E+04 4.3361E+04 4.6498E+04
CH2NNO2+c_HONO=INT121a 3.23E+02 1.6537E+04 2.9980E+04 2.8363E+04 2.9493E+04
INT121a=CH2O+INT91a 2.89E+02 3.1407E+04 2.0851E+04 3.0371E+04 3.2317E+04
INT175a+ONNO2=INT251a 1.62E+02 1.5355E+04 2.2789E+04 2.7987E+04 2.2277E+04
INT251a=INT251a_RO 2.29E+02 1.7148E+04 1.3470E+04 1.8010E+04 1.6943E+04
INT251a_RO=INT161a+N2O+NO2 3.06E+02 1.1760E+04 1.5127E+04 9.3499E+03 3.6082E+04
INT161a=INT115a+NO2 5.97E+02 6.1050E+03 2.0192E+04 5.5221E+03 3.2756E+04
INT101a+ONNO2=INT177a 3.13E+02 1.9729E+04 7.9995E+03 3.2756E+04 8.2204E+03
INT177a=CH2NCHO+INT120b 2.65E+02 -3.2254E+02 1.6421E+04 -1.2550E+02 3.1250E+04
INT120b=N2O+ONONO 3.65E+02 1.9674E+04 4.7958E+04 1.9892E+04 5.7668E+04
CH2NCHO+ONNO2=INT133a 2.04E+02 1.0088E+04 2.9309E+04 2.2402E+04 2.8552E+04
INT133a=CH2O+INT103c_tran 1.79E+02 2.1920E+04 3.0779E+03 2.1461E+04 1.6503E+04
INT103c_tran=INT103c_cis 3.29E+02 1.6745E+04 1.0122E+04 1.6943E+04 1.0040E+04
INT103c_cis=N2O+HNO+CO 1.11E+03 2.1156E+04 4.2055E+04 2.0771E+04 6.1245E+04
CH2NCN+ONNO2=INT130a 2.66E+02 1.3367E+04 2.2626E+04 2.5665E+04 2.3030E+04
INT130a=CH2O+INT100a 2.20E+02 1.4349E+04 9.2809E+02 1.4935E+04 1.4558E+04
INT100a=OCN+N2+NO 4.59E+02 3.9164E+04 9.6853E+04 3.9910E+04 1.1320E+05
CH2NNO2+ONNO2=INT150a 2.80E+02 1.3491E+04 2.0934E+04 2.6293E+04 2.1147E+04
INT150a=CH2O+INT120b 2.27E+02 1.2727E+04 6.2544E+03 1.2927E+04 2.0582E+04
INT221a=INT221a_RO 4.85E+02 2.2627E+04 1.4141E+04 2.3092E+04 1.6441E+04
INT221a_RO=INT147a+CH2NNO2 4.93E+02 2.5954E+04 1.2241E+04 2.4661E+04 2.5038E+04
INT147a=CH2NNO2+HCN+NO2 3.21E+02 3.8925E+04 5.3110E+04 3.7211E+04 7.0783E+04
INT175a+NO2=INT174a+c_HONO 1.67E+03 1.8608E+04 1.7954E+04 2.8552E+04 2.8363E+04
INT128a+NO2=INT127a+c_HONO 1.54E+03 1.5380E+04 2.1350E+04 2.6544E+04 3.2128E+04
TAZ+NO2=INT80a+c_HONO 1.25E+03 2.8853E+04 -7.9882E+02 3.8592E+04 9.4126E+03
INT80a+t_HONO=OSTC+NO 6.72E+02 1.1220E+04 7.6850E+04 1.9955E+04 8.3584E+04
INT127a+t_HONO=INT144a+NO 6.23E+02 1.7390E+04 3.6704E+04 2.8426E+04 4.6247E+04
INT144a=OSTC+t_HONO 7.43E+02 3.7919E+04 7.9430E+04 3.7776E+04 9.1679E+04
INT174a+t_HONO=INT191a+NO 6.21E+02 1.7821E+04 3.9451E+04 2.8928E+04 4.9448E+04
INT191a=INT144a+t_HONO 1.39E+03 3.7307E+04 5.2885E+04 3.7651E+04 6.5512E+04
OSTC=OSTK 1.93E+03 3.4900E+04 4.0593E+04 3.5015E+04 4.0851E+04
CH2NCHO+NO2=INT103d 8.65E+02 2.8766E+04 1.8313E+04 4.0223E+04 1.9076E+04
INT103d+HCN=INT130b 4.30E+02 1.5868E+04 1.3151E+04 2.3343E+04 1.2550E+04
INT130b=Oxadiazole34+CH2O+NO 7.72E+02 2.2681E+04 5.0666E+04 2.3657E+04 7.2038E+04
INT121a=INT121b 2.04E+02 9.0004E+03 1.0804E+04 9.2244E+03 1.1295E+04
INT121b=INT90a+HNO 9.06E+02 2.8502E+04 3.0384E+04 2.8301E+04 4.1980E+04
INT90a+NO2=INT89a+t_HONO 5.39E+02 3.5431E+04 3.7694E+03 4.5808E+04 1.4997E+04
INT150a=INT119a+HNO 6.31E+02 3.0951E+04 2.5186E+04 3.0622E+04 3.7525E+04 
INT119a=INT89a+NO 1.00E+00 2.7760E+04 0.0000E+00 1.6692E+04 -1.7835E-08
INT89a+HCN=INT116a 3.89E+02 1.4450E+04 1.3429E+04 2.1084E+04 1.2174E+04
INT116a=Oxadiazole34+NO2 6.55E+02 1.2835E+04 4.4482E+04 1.3115E+04 5.4970E+04
INT102g=CH2NNO2+CH2N 3.60E+02 9.0681E+03 6.9773E+03 9.5381E+03 1.8512E+04
CH2NHCHO=CH2NH+HCO 1.94E+02 3.6980E+04 1.0291E+03 3.5705E+04 1.1421E+04
CH2NHNO2=CH2NH+NO2 5.90E+02 8.0986E+03 1.6250E+04 7.5301E+03 2.7924E+04
INT132a=CH2NNO2+CH2NHCHO 3.44E+02 2.6013E+04 8.1852E+03 2.4473E+04 1.9578E+04
INT161a=CH2NNO2+INT87d 4.27E+02 2.6615E+04 1.8083E+04 2.5226E+04 2.9618E+04
t_HONO=c_HONO 6.16E+02 1.1081E+04 9.7709E+03 1.1044E+04 9.7264E+03
CH2NNCH2+CH2N=INT55b+CH2NH 1.52E+03 2.0658E+04 2.7140E+03 2.9807E+04 1.2425E+04
CH2NNO2+CH2N=CH2NH+HCN+NO2 1.72E+03 1.7422E+04 4.5580E+04 2.6669E+04 6.1747E+04
CH2NH+NO2=CH2N+c_HONO 1.44E+03 1.1474E+04 2.7999E+03 2.1273E+04 1.2927E+04
INT175a+CH2N=INT174b+CH2NH 1.83E+03 1.4789E+04 1.4234E+04 2.4347E+04 2.4473E+04
CH2NH+NO2=CH2N+t_HONO 1.61E+03 1.6318E+04 8.9539E+03 2.5289E+04 1.8261E+04
CH2NNCH2+NO2=INT55b+c_HONO 1.26E+03 2.4615E+04 -2.0030E+03 3.3634E+04 7.9066E+03
CH2NNO2+NO2=c_HONO+HCN+NO2 1.93E+03 2.7484E+04 4.6967E+04 3.6145E+04 6.2876E+04
INT101a+CH2N=INT100b+CH2NH 1.71E+03 1.4710E+04 6.6842E+03 2.4159E+04 1.5939E+04
CH2O+CH2N=CH2NH+HCO 1.79E+03 1.0988E+04 8.3703E+03 2.0457E+04 1.7633E+04
CH2NH+c_HONO=INT76a 2.39E+02 -1.8882E+03 1.0968E+04 8.6596E+03 9.6009E+03
INT76a=NH2CHO+HNO 8.22E+02 2.5160E+04 3.9477E+04 2.5163E+04 5.1456E+04
CH2NNO2+NO=CH2NNO+NO2 3.70E+02 2.1879E+04 1.3673E+04 2.9869E+04 2.3281E+04
CH2O+NO2=c_HONO+HCO 1.43E+03 1.4132E+04 2.8407E+03 2.3783E+04 1.2613E+04
CH2O+NO2=t_HONO+HCO 1.20E+03 1.9981E+04 9.9987E+03 2.9305E+04 1.9453E+04
INT102f=INT56a+NO2 5.36E+02 1.0732E+04 1.7871E+04 1.0479E+04 2.9807E+04
INT127a=TAZ+NO2 6.11E+02 3.5542E+03 2.7093E+04 3.5141E+03 3.9470E+04
INT174a=INT128a+NO2 4.59E+02 6.0912E+03 1.6705E+04 5.9613E+03 2.9618E+04
INT174b_RO=INT128a_RO+NO2 3.77E+02 3.1413E+03 2.2396E+04 3.3885E+03 3.4764E+04
INT76b=CH2NH+t_HONO 1.33E+03 4.7237E+04 4.3455E+04 4.7628E+04 5.5911E+04
INT175c=INT128c+t_HONO 1.09E+03 3.5009E+04 5.6503E+04 3.4827E+04 6.9653E+04
RDRONO=INT175a+HNO2 4.17E+02 2.9278E+04 5.4632E+04 2.9054E+04 6.6830E+04
INT115a+NO2=INT114a+c_HONO 1.28E+03 1.4302E+04 -1.8555E+03 2.4536E+04 8.9734E+03
CH2NCHO+NO2=CH2NCO+c_HONO 1.45E+03 1.4319E+04 1.8863E+04 2.4536E+04 2.9681E+04
CH2NCHO+NO2=HCNCHO+c_HONO 1.46E+03 1.9513E+04 9.2683E+02 2.9242E+04 1.1358E+04
INT76a+NO2=NH2CHO+c_HONO+NO 1.31E+03 1.8590E+04 6.0289E+04 2.8238E+04 8.0949E+04
INT76a+NO=NH2CHO+HNO+NO 8.97E+02 2.6660E+04 4.0976E+04 3.6396E+04 6.2688E+04
CH2N+c_HONO=HCN+H2O+NO 2.18E+03 1.8867E+04 6.2018E+04 2.6606E+04 7.4987E+04
CH2N+t_HONO=HCN+H2O+NO 2.09E+03 1.7913E+04 5.9755E+04 2.5414E+04 7.2477E+04
HCOOH+HCOOH=HCOOH+CO+H2O 6.69E+02 2.9472E+04 2.0200E+04 4.0349E+04 4.1290E+04
HCOOH+NO2=HOCO+c_HONO 1.49E+03 2.1000E+04 1.2312E+03 3.1752E+04 1.2299E+04
HCOOH+NO2=OCHO+c_HONO 3.80E+02 2.7474E+04 -2.7240E+03 3.8466E+04 8.9106E+03
INT128b+NO2=OSTK+c_HONO+NO 1.46E+03 1.7529E+04 6.7083E+04 2.8050E+04 8.8228E+04
INT128a+HCO=INT127a+CH2O 1.67E+03 8.8065E+03 2.6068E+04 1.8888E+04 3.5643E+04
INT175a+HCO=INT174a+CH2O 1.68E+03 1.0791E+04 2.1428E+04 2.0018E+04 3.0999E+04
INT175a+t_HONO=INT174a+H2O+NO 5.59E+02 3.6299E+04 3.0337E+04 4.5934E+04 5.1079E+04
INT112a=INT112c 2.64E+02 2.7086E+04 8.0616E+03 2.6167E+04 1.0040E+04
INT175b=INT148b+HCN 4.97E+02 3.6417E+04 2.5033E+04 3.4890E+04 3.4513E+04
INT128a=INT128a_RO 2.90E+02 2.1232E+04 8.9765E+03 2.0959E+04 1.1044E+04
INT174b=INT174b_RO 4.09E+02 2.2866E+04 1.0544E+04 2.2841E+04 1.3240E+04
INT175d=INT175d_RO 3.09E+02 2.3496E+04 1.7804E+04 2.3657E+04 2.0771E+04
INT86a=INT86b 1.96E+03 4.7157E+04 3.1284E+04 4.7189E+04 3.1062E+04
INT129b_RO=INT129c 1.10E+03 8.1633E+03 4.6662E+03 1.0605E+04 6.5261E+03
INT112a=INT112b 1.70E+03 3.5008E+04 2.4854E+04 3.6207E+04 2.5916E+04
INT128a_RO=INT128d 1.19E+03 2.9329E+04 3.1488E+03 3.1815E+04 5.3338E+03
INT84a=CH2O+HCN+HCN 8.52E+02 6.1366E+04 5.0692E+04 6.1559E+04 6.4571E+04
CH2NCO=CH2N+CO 4.09E+02 2.7254E+04 9.7785E+03 2.6795E+04 1.9453E+04
INT191b=INT161b+CH2O 1.98E+02 2.1309E+04 6.7790E+03 2.1147E+04 1.9641E+04
INT104c=CH2O+N2O+NO 1.12E+03 1.5862E+04 4.8196E+04 1.4244E+04 6.7206E+04
INT175d_RO=INT85c+N2O+NO2 1.45E+02 7.8947E+03 1.8532E+04 6.8398E+03 4.0474E+04
INT86a+H2O=INT58b+HCOOH 4.73E+02 4.2831E+04 3.3700E+04 5.4154E+04 4.5620E+04
CH2NNO2+H2O=INT92a 2.80E+02 1.4551E+04 1.1243E+04 2.7485E+04 1.1797E+04
INT85a=CH2NHCHO+HCN 6.81E+02 1.3527E+04 2.3742E+04 1.3052E+04 2.9807E+04
INT114a=INT87d+HCN 8.18E+02 1.1442E+04 2.4465E+04 1.1044E+04 3.0497E+04
INT129c=INT102f+HCN 7.62E+02 8.1752E+03 2.7642E+04 8.0321E+03 3.4701E+04
INT175a+HNO=ONDNTA 1.24E+03 3.1334E+04 4.8564E+04 4.2984E+04 4.7189E+04
INT112a=TAZ+HNO 4.31E+02 3.3328E+04 3.3198E+04 3.2944E+04 4.4741E+04
INT175c=INT144b+HNO 1.03E+03 3.4407E+04 2.9574E+04 3.2756E+04 4.1227E+04
INT221b=INT190a+HNO 1.02E+03 2.3618E+04 2.9107E+04 2.3971E+04 4.2043E+04
INT86a+c_HONO=INT88d+NH2CHO 4.16E+02 3.4224E+04 3.2782E+04 4.5745E+04 4.4239E+04
INT86a+c_HONO=INT87c+HCOOH 3.73E+02 3.8388E+04 5.0033E+04 5.0954E+04 6.2625E+04
CH2NCHO+t_HONO=CH2NNO+CO+H2O 1.30E+03 4.2055E+04 4.3276E+04 5.2397E+04 6.3943E+04
CH2NHCHO+t_HONO=INT75b+NO 5.08E+02 9.6912E+03 4.5398E+04 2.0645E+04 5.5158E+04 
INT128a+c_HONO=INT175c 4.41E+02 2.7730E+04 3.4735E+04 3.9972E+04 3.3132E+04
INT75c=CO+t_HONO 7.04E+02 2.2921E+04 3.1999E+04 2.2653E+04 4.2357E+04
INT84a=INT84b 3.78E+02 1.0960E+04 1.3513E+04 1.3178E+04 1.3115E+04
INT101a=CH2O+N2O+HCN 4.94E+02 2.4950E+04 5.8668E+04 2.5414E+04 7.6870E+04
INT128a_RO=INT128e 2.46E+02 2.0291E+04 8.9477E+03 2.2653E+04 7.7811E+03
CH2NCHO+ONONO=INT133b 2.31E+02 8.0265E+03 1.7614E+04 2.0394E+04 1.7445E+04
INT175a+ONONO=INT251b 1.62E+02 6.1101E+03 1.8515E+04 1.8763E+04 1.6817E+04
INT86a+NO2=INT104a+CH2N 5.13E+02 3.7201E+04 2.4760E+04 4.5996E+04 3.3446E+04
INT115a+NO2=INT161c 5.85E+02 1.4249E+04 7.2917E+03 2.5853E+04 7.4674E+03
CH2NNO+NO2=INT104c 8.89E+02 1.2575E+04 2.5989E+04 2.2967E+04 2.4661E+04
INT128a+NO2=INT174c 9.23E+02 2.6743E+04 1.5662E+04 3.7902E+04 1.4997E+04
INT128a+NO2=INT174d 4.54E+02 2.9317E+04 1.1802E+04 4.0412E+04 1.1609E+04
INT175a+NO2=INT221b 4.38E+02 3.1979E+04 1.1743E+04 4.3110E+04 1.1170E+04
INT128a+HCO=INT112a+OCHO 4.88E+02 7.1768E+03 3.7887E+04 1.6943E+04 4.8067E+04
INT175a+HCO=INT159b+OCHO 5.82E+02 7.1913E+03 3.6832E+04 1.7194E+04 4.7816E+04
INT175a+CH2NNO=ONDNTA+HCN 3.78E+02 4.1097E+04 5.8634E+04 5.4280E+04 6.5386E+04
INT100b+t_HONO=INT117a+NO 4.69E+02 8.3308E+03 6.2207E+04 1.9076E+04 7.1160E+04
INT117a=INT70a+t_HONO 1.25E+03 3.9021E+04 5.5056E+04 3.8404E+04 6.6892E+04
CH2NCN+NO2=HCNCN+c_HONO 1.44E+03 2.8622E+04 1.1389E+03 3.7902E+04 1.1044E+04
HCNCN+t_HONO=INT70a+NO 5.21E+02 9.5036E+03 7.5999E+04 1.8763E+04 8.3333E+04
INT70a=INT70c 1.96E+03 3.5353E+04 4.0981E+04 3.5329E+04 4.1227E+04
CH2NNO+CH2O=INT88c 3.12E+02 1.2285E+04 3.2737E+04 2.5038E+04 3.1062E+04
INT88c+NO2=INT87a+t_HONO 1.49E+03 2.1294E+04 3.1481E+04 3.1187E+04 4.2608E+04
INT88c+NO2=INT87a+c_HONO 1.60E+03 1.5077E+04 2.3955E+04 2.5289E+04 3.5392E+04
INT88c+NO2=INT87b+t_HONO 1.54E+03 2.5320E+04 1.9183E+04 3.5266E+04 2.9493E+04
INT88c+NO2=INT87b+c_HONO 1.68E+03 1.9851E+04 1.2404E+04 3.0120E+04 2.3030E+04
INT87a+NO2=INT86g+c_HONO 1.18E+02 -4.7716E+03 1.9847E+04 7.8439E+03 3.0622E+04
INT87b+NO2=INT86g+t_HONO 2.14E+02 4.5494E+03 4.6803E+04 1.6754E+04 5.8045E+04
INT87b+NO2=INT86g+c_HONO 2.19E+02 4.1968E+03 4.5140E+04 1.5123E+04 5.5095E+04
INT86g+NO=Oxadiazole34+NO2 9.18E+02 3.6631E+04 5.4050E+04 4.6749E+04 6.5637E+04
INT86g+CO=Oxadiazole34+CO2 7.53E+02 3.1925E+04 1.0452E+05 4.2357E+04 1.1471E+05
CH2N+CH2N=CH2NNCH2 1.00E+00 0.0000E+00 4.1023E+04 0.0000E+00 2.8426E+04
CH2NNO2+CH2N=CH2NNCH2+NO2 5.83E+02 1.9963E+04 3.3320E+04 3.0058E+04 4.3486E+04
CH2NNCH2+ONNO2=INT132b 2.14E+02 1.1968E+04 2.5299E+04 2.4661E+04 2.5100E+04
INT132b=INT101b+HNO 4.52E+02 4.0010E+04 4.3376E+04 4.0600E+04 5.3903E+04
INT101b=Oxadiazole34+HNO 7.74E+02 3.8022E+04 3.2281E+04 3.7274E+04 4.3424E+04
CH2NNCH2+CH2O=INT86c 3.93E+02 1.9949E+04 1.4494E+04 3.3760E+04 1.4056E+04
INT86c+NO2=INT85g+t_HONO 7.30E+02 1.5801E+03 1.1840E+04 1.1232E+04 2.2716E+04
INT86c+NO2=INT85g+c_HONO 1.15E+03 1.0655E+03 1.0016E+04 1.0542E+04 2.0708E+04
INT86c+NO2=INT85e+t_HONO 2.14E+03 1.8382E+04 8.9489E+03 2.7799E+04 1.9202E+04
INT86c+NO2=INT85e+c_HONO 1.56E+03 1.7218E+04 6.4753E+03 2.7108E+04 1.7194E+04
CH2NNCH2+HCO=INT85f 2.94E+02 4.7904E+03 2.6976E+04 1.6127E+04 2.6544E+04
INT85f=INT85e 4.86E+02 2.8362E+04 1.2695E+03 3.0748E+04 1.8825E+03
INT85e+NO2=INT84c+t_HONO 1.13E+03 -3.1909E+03 2.8928E+04 7.5301E+03 3.9219E+04
INT85e+NO2=INT84c+c_HONO 1.15E+03 -3.6364E+03 2.7173E+04 7.3419E+03 3.7713E+04
INT84c+NO2=INT130c 4.82E+01 -2.0413E+04 9.9372E+03 -9.7891E+03 7.5301E+03
INT130c=Oxadiazole34+CH2NO2 2.95E+02 6.4502E+03 5.6739E+03 5.1456E+03 1.7068E+04
INT148c=CH2NNO2+CH2NNO2 2.86E+02 -2.1963E+01 1.2423E+04 1.2550E+02 2.5226E+04
INT148c=CH2NNO2+t_HONO+HCN 1.57E+03 3.2093E+04 6.5331E+04 3.1689E+04 8.4839E+04
INT148c=INT102e+NO2 1.20E+03 2.4009E+04 2.8807E+04 2.4849E+04 4.2984E+04
INT111a+ONNO2=INT112a+t_HONO+CO 1.10E+03 4.4869E+04 4.2069E+04 5.5911E+04 6.2437E+04
INT175a+H2O=INT193b 1.85E+02 3.9281E+04 3.9210E+04 4.9322E+04 3.6898E+04
HCN+H2O=INT45a 2.01E+03 5.6392E+04 5.8814E+04 6.2688E+04 5.8484E+04
INT45a=NH2CHO 1.99E+03 3.0176E+04 4.7832E+04 3.0371E+04 4.8193E+04
HCN+c_HONO=INT74b 5.18E+02 3.9264E+04 4.5900E+04 4.5620E+04 4.5306E+04
INT74b+c_HONO=INT121c 4.49E+02 2.3382E+04 2.8430E+04 3.4827E+04 2.8050E+04
CH2NCHO+c_HONO=CH2NNO+HCOOH 3.19E+02 2.7565E+04 3.9367E+04 3.9533E+04 5.1456E+04
INT175a+c_HONO=INT222b 4.25E+02 3.3756E+04 4.6283E+04 4.5934E+04 4.5808E+04
INT175a+t_HONO=INT222b 4.26E+02 3.3437E+04 4.4654E+04 4.5934E+04 4.4490E+04
TAZ+ONNO2=INT157a 2.80E+02 2.1372E+04 1.2292E+04 3.3885E+04 1.2174E+04
INT159a+c_HONO=INT206a 6.59E+01 4.7854E+03 7.1530E+03 1.6001E+04 6.2751E+03
INT206a=INT206b 3.32E+02 1.0205E+04 2.2250E+04 1.0856E+04 2.6983E+04
INT206b=INT132a+N2+NO2 2.32E+02 4.0267E+03 3.4415E+04 4.0161E+03 5.5974E+04
INT159a+ONNO2=INT235a 1.42E+02 1.2659E+04 2.2114E+04 2.4912E+04 2.1649E+04
INT222a+NO2=INT191c+c_HONO+NO 1.68E+03 2.4780E+04 6.6612E+04 3.4701E+04 8.8165E+04
INT175a+H2O=INT193c 6.86E+02 5.9815E+04 4.2553E+04 7.0344E+04 4.3361E+04
INT175a+H2O=INT193d 1.67E+02 4.2083E+04 4.3343E+04 5.0012E+04 4.1918E+04
INT175a+t_HONO=INT130d+O2NNO2 2.38E+02 2.9960E+04 2.7350E+04 4.1102E+04 3.9659E+04
RDR+H2O=RDRH+OH -1.16E+01 1.8430E+04 -8.9295E+02 2.5728E+04 4.2671E+03
RDRH+OH=INT194a 5.27E+02 2.6383E+04 3.9045E+04 3.4827E+04 3.9721E+04
CH2NCHO+CH2NNO=INT88a+HCN 2.22E+02 3.1515E+04 6.6107E+04 4.4114E+04 7.2979E+04 
CH2NCHO+c_HONO=INT104e 1.33E+03 6.1946E+04 5.0013E+04 7.4736E+04 5.1205E+04
CH2NCHO+ONNO2=INT133c 2.94E+02 1.7822E+04 7.0670E+03 3.0936E+04 7.3419E+03
INT133c=INT102h+HNO 6.44E+02 1.9875E+04 3.4501E+04 1.9076E+04 4.7000E+04
CH2NNO+NO=INT88e 2.09E+02 4.7195E+03 1.9704E+02 1.5123E+04 -1.2550E+02
CH2NNO+NO=INT88b 3.57E+02 1.2455E+04 8.7726E+02 2.2590E+04 7.5301E+02
INT88b=CH2NN+NO2 3.63E+02 1.1520E+04 3.1296E+04 1.1609E+04 4.2294E+04
CH2NN+CH2NNO2=CH2NNO+CH2O+N2 5.62E+02 3.1557E+04 9.2524E+04 4.3737E+04 1.1540E+05
CH2NN+CH2NNO=INT100c 4.57E+02 1.5430E+04 1.9947E+04 2.8552E+04 1.8888E+04
CH2NN+CO=INT70d 5.05E+02 4.6002E+04 4.7239E+03 5.7794E+04 4.3298E+03
CH2NN+N2O=CH2O+N2+N2 8.71E+02 3.9186E+04 1.3998E+05 4.7314E+04 1.5801E+05
CH2NN+NO2=CH2O+NO+N2 3.74E+02 4.6172E+03 7.3790E+04 1.5562E+04 9.3813E+04
CH2NN+ONNO2=CH2O+N2+ONNO 5.30E+02 2.4440E+04 7.9822E+04 3.7713E+04 1.0323E+05
CH2NN+ONNO=INT102d 4.60E+02 1.2707E+04 2.3822E+04 2.5414E+04 2.2653E+04
INT190b=INT162a+N2 2.60E+02 2.0024E+04 9.3240E+04 1.8825E+04 1.0599E+05
ONDNTA+CO=INT190b+CO2 8.02E+02 5.5291E+04 8.2821E+04 6.5261E+04 9.2746E+04
ONDNTA+H2O=INT206c+H2O 2.77E+02 6.3614E+04 3.7548E+04 7.2854E+04 4.7816E+04
ONDNTA+NO=INT190b+NO2 2.07E+02 3.7670E+04 1.0018E+04 4.7440E+04 2.1461E+04
ONDNTA=INT206c 7.44E+02 3.9804E+04 1.3738E+04 4.0161E+04 1.5123E+04
INT206c+H2O=INT206d+H2O 7.85E+02 2.7687E+04 4.5813E+04 4.0537E+04 5.8484E+04
INT206c+NO=INT189a+t_HONO 8.59E+02 3.3753E+04 2.4576E+04 4.1855E+04 3.4136E+04
INT75e=CO+HNO2 6.84E+02 3.7998E+04 2.9001E+04 3.8341E+04 3.9031E+04
INT128a+ONNO2=INT204a 1.45E+02 1.1999E+04 2.2782E+04 2.4661E+04 2.2214E+04
INT157a+NO2=INT126a+HNO2+NO 1.67E+03 1.7828E+04 5.3392E+04 2.7171E+04 7.3419E+04
INT133a+ONNO2=INT209a 2.98E+02 2.0859E+04 1.0080E+04 3.3823E+04 1.1107E+04
TAZ+c_HONO=INT128b 9.63E+01 9.4559E+03 2.8828E+03 2.1147E+04 2.5728E+03
INT157a+NO2=INT126a+c_HONO+NO 1.63E+03 2.0144E+04 5.9067E+04 2.9869E+04 7.9756E+04
INT157a+NO2=INT126a+t_HONO+NO 1.45E+03 2.5823E+04 6.6057E+04 3.5517E+04 8.6722E+04
INT157a+NO=INT126a+HNO+NO 7.53E+02 2.2846E+04 3.4388E+04 3.1877E+04 5.5346E+04
INT157a+t_HONO=INT128b+ONNO2 5.32E+02 1.4201E+04 1.5397E+04 2.4724E+04 2.6544E+04
INT55b=CH2N+HCN 5.62E+02 8.1325E+02 3.3557E+04 8.7851E+02 3.9910E+04
ONDNTA+NO2=INT205a+c_HONO 1.65E+03 1.9809E+04 1.5491E+04 3.0246E+04 2.6920E+04
ONDNTA+NO2=INT205b+c_HONO 1.61E+03 2.2071E+04 1.3155E+04 3.2379E+04 2.4598E+04
CH2NH+NO2=INT28a+c_HONO 1.35E+03 1.9986E+04 -1.3297E+03 2.9367E+04 8.3459E+03
INT101a+NO2=INT100b+c_HONO 1.56E+03 2.1611E+04 4.9115E+03 3.0811E+04 1.4244E+04
CH2NNO+NO2=c_HONO+HCN+NO 9.95E+02 1.8091E+04 4.5781E+04 2.5414E+04 5.8735E+04
CH2NHNO2+NO2=INT28a+NO2+c_HONO 9.87E+02 -3.0817E+03 -1.6246E+04 6.1496E+03 5.5221E+03
INT56a+NO2=INT55a+c_HONO 1.32E+03 2.1233E+04 -1.3981E+03 3.0120E+04 8.6596E+03
INT56a+NO2=INT55c+c_HONO 1.38E+03 1.9211E+04 1.6086E+04 2.9179E+04 2.6544E+04
INT56a+NO2=INT55d+c_HONO 1.47E+03 1.4972E+04 2.1963E+02 2.5163E+04 1.0730E+04
HNO+NO2=NO+c_HONO 4.63E+02 -2.8363E+02 2.7098E+04 8.4714E+03 3.4890E+04
OCHO+CH2N=HCOOH+HCN 1.00E+00 1.7835E-08 7.7348E+04 -1.7835E-08 7.1285E+04
OCHO+CH2N=CO2+CH2NH 1.00E+00 1.7835E-08 8.8781E+04 -1.7835E-08 8.5655E+04
OCHO+HCO=CO2+CH2O 1.00E+00 1.7835E-08 9.1399E+04 0.0000E+00 8.8479E+04
OCHO+NO=CO2+HNO 1.00E+00 -1.7835E-08 5.2725E+04 0.0000E+00 5.0891E+04
OCHO+NO2=CO2+c_HONO 1.00E+00 1.7835E-08 8.0107E+04 1.7835E-08 7.7309E+04
CH2NNO=CH2N+NO 1.00E+00 1.9460E+04 0.0000E+00 8.4086E+03 0.0000E+00
CH2N+NO=HCN+HNO 1.00E+00 0.0000E+00 1.9768E+04 0.0000E+00 1.5311E+04
CH2N+NO2=HCN+c_HONO 1.00E+00 0.0000E+00 4.7150E+04 0.0000E+00 4.1729E+04
NO+NO=ONNO 1.00E+00 3.5511E+03 0.0000E+00 1.3052E+04 0.0000E+00
NO2+NO2=ONONO2 1.00E+00 -3.5793E+03 0.0000E+00 7.1536E+03 0.0000E+00
NO2+NO2=O2NNO2 1.00E+00 -1.2107E+04 0.0000E+00 5.0201E+02 0.0000E+00
NO+NO2=ONNO2 1.00E+00 -1.0239E+04 0.0000E+00 3.1375E+02 0.0000E+00
NO+NO2=ONONO 1.00E+00 -1.9516E+03 0.0000E+00 8.0949E+03 0.0000E+00
HOCO+NO=CO+t_HONO 1.00E+00 0.0000E+00 1.5805E+04 0.0000E+00 1.5060E+04
INT88d=CH2NCHO+HNO 9.17E+02 2.6717E+04 2.9735E+04 2.6418E+04 4.1416E+04
INT85d+CH2N=INT84f+CH2NH 1.77E+03 1.4917E+04 8.3321E+03 2.4473E+04 1.8261E+04
INT85d+c_HONO=INT132c 1.74E+02 3.8837E+03 1.4477E+04 1.5311E+04 1.2989E+04
INT85d+ONNO2=INT161d 2.81E+02 1.8804E+04 2.3122E+04 3.0058E+04 2.1398E+04
INT55a=HCN+INT28a 5.08E+02 1.5835E+04 1.4081E+04 1.5374E+04 1.9641E+04
INT128e=INT84d+N2O 4.01E+02 2.7743E+04 1.9290E+04 2.5791E+04 3.1187E+04
INT174a=INT174a_RO 2.47E+02 2.8745E+04 6.3906E+03 2.8238E+04 9.3499E+03
INT194a=INT120a+CH2NNO2 2.20E+02 1.7897E+04 3.3892E+03 1.6503E+04 1.7131E+04
OSTC=HOCN+HCN+HCN 6.15E+02 9.2058E+04 4.5847E+04 8.8730E+04 5.9425E+04
OSTK=INT97a 1.48E+02 2.6933E+04 3.2505E+02 2.5477E+04 1.6315E+03
TAZ=HCN+HCN+HCN 6.41E+02 8.2735E+04 5.3901E+04 7.9756E+04 6.2814E+04
INT120a=INT46a+CH2NNO2 2.38E+02 1.3671E+04 1.9089E+03 1.4997E+04 1.4495E+04
INT86a=INT86d 4.80E+02 4.2160E+04 2.1933E+04 4.4679E+04 2.4096E+04
INT86a=INT86e 1.69E+03 3.9179E+04 1.5129E+04 3.8906E+04 1.4809E+04
OCHO=HOCO 1.87E+03 2.4641E+04 3.5071E+04 2.4975E+04 3.5078E+04
INT86d=CH2NCHO+CH2NH 8.47E+02 7.5128E+04 6.9759E+04 7.5176E+04 8.2015E+04
INT46a=CH2N+H2O 1.98E+03 4.5587E+04 5.1770E+04 4.5808E+04 6.2814E+04 
INT86a+CH2N=INT85b+CH2NH 3.82E+02 2.3426E+04 3.6521E+02 3.3697E+04 1.0919E+04
INT221a+ONNO2=INT267a+NO 1.52E+02 4.5557E+02 2.6222E+04 1.0856E+04 3.4199E+04
INT267a=INT267a_RO 2.51E+02 1.5998E+04 1.4687E+04 1.6566E+04 1.7445E+04
INT267a_RO=INT177b+N2O+NO2 3.03E+02 1.1825E+04 1.4822E+04 8.9106E+03 3.6082E+04
INT177b=INT131a+NO2 6.09E+02 6.1057E+03 2.2031E+04 6.4006E+03 3.5266E+04
INT131a+ONNO2=INT207a 1.66E+02 1.1215E+04 2.9943E+04 2.4410E+04 3.0120E+04
INT207a=INT177c+CH2O 2.07E+02 2.1302E+04 6.8468E+03 2.1586E+04 2.0018E+04
INT177c=INT103e+NO2+N2 2.21E+02 6.2431E+03 3.0715E+04 6.3378E+03 5.3025E+04
INT103e=CH2NCHO+NO2 4.24E+02 4.9586E+03 1.8921E+04 5.0828E+03 3.1438E+04
INT103e=INT75a+CO 8.84E+02 2.4773E+04 2.4654E+04 2.4347E+04 3.5454E+04
INT85b=CH2NCHO+CH2N 3.94E+02 1.1352E+04 8.8165E+03 1.0981E+04 2.0018E+04
INT86a+ONNO2=INT162b 1.56E+02 8.3114E+03 2.8582E+04 2.0833E+04 2.8489E+04
INT162b=INT132d+CH2O 2.17E+02 2.1599E+04 6.2594E+03 2.2339E+04 1.9704E+04
INT132d=CH2NHCHO+NO2+N2 2.51E+02 3.0409E+03 2.8749E+04 3.2003E+03 5.0703E+04
CH2NCHO+ONNO2=CH2NNO+INT75e 1.25E+02 1.9883E+04 2.1810E+04 3.1564E+04 3.3760E+04
CH2NNO+OH=HCN+NO+H2O 3.08E+02 -3.4783E+03 6.4551E+04 5.2083E+03 7.9882E+04
CO+c_HONO=CO2+HNO 6.06E+02 4.9654E+04 7.7454E+04 5.9237E+04 8.6282E+04
INT87d=CH2NCHO+NO 3.17E+02 3.3446E+03 1.1591E+04 2.3845E+03 2.1963E+04
INT102e=INT55d+c_HONO 3.44E+02 1.3341E+04 9.7960E+03 1.2362E+04 2.1147E+04
INT85b+ONNO2=INT161f 1.69E+02 8.7029E+03 2.8594E+04 2.0645E+04 2.7799E+04
INT161f=INT131b+CH2O 2.13E+02 2.0922E+04 5.4863E+03 2.0959E+04 1.8574E+04
INT131b=CH2NCHO+NO2+N2 1.98E+02 5.4072E+03 8.5008E+04 5.7731E+03 1.0586E+05
INT112c+ONNO2=INT188a 2.90E+02 1.5272E+04 1.3395E+04 2.8363E+04 1.4997E+04
INT159a=INT112a+t_HONO 1.40E+03 3.9946E+04 5.3429E+04 3.9596E+04 6.6328E+04
INT159b=INT112a+t_HONO 1.42E+03 4.1102E+04 5.3442E+04 4.0851E+04 6.6139E+04
INT159b=INT128a+HNO 1.33E+03 4.6871E+04 2.8262E+04 4.6247E+04 4.0474E+04
INT159b+ONNO2=INT235d 1.53E+02 1.5147E+04 2.1850E+04 2.7924E+04 2.1649E+04
INT112c+NO2=INT111c+c_HONO 1.58E+03 1.8647E+04 5.3784E+03 2.8740E+04 1.5186E+04
t_HONO+c_HONO=ONNO2+H2O 9.67E+02 7.1310E+03 1.2062E+04 1.7884E+04 2.2904E+04
c_HONO+c_HONO=ONONO+H2O 1.03E+03 6.7827E+03 4.7358E+03 1.7382E+04 1.5939E+04
CH2N+HOCO=CH2NCOOH 1.00E+00 0.0000E+00 6.8134E+04 1.7835E-08 5.5472E+04
CH2NCOOH=CH2NH+CO2 1.80E+03 2.6616E+04 3.6834E+04 2.7108E+04 4.7189E+04
ONONO=ONNO2 1.53E+02 4.0393E+03 1.2327E+04 5.0828E+03 1.2864E+04
CH2NNO2+t_HONO=INT121d 4.26E+02 1.5761E+04 1.0830E+04 2.8050E+04 1.0856E+04
INT55d=CH2N+HCN 5.70E+02 1.3057E+04 1.6066E+04 1.2299E+04 2.2214E+04
INT87c+NO2=INT86f+c_HONO 1.36E+03 2.2441E+04 7.7811E+01 3.1375E+04 9.0989E+03
INT86f=CH2NHNO+HCN 6.57E+02 4.9642E+03 2.4437E+04 4.8946E+03 3.1062E+04
CH2NHNO=CH2NH+NO 4.34E+02 3.4237E+03 8.5655E+03 3.0748E+03 1.9014E+04
INT115a+ONNO2=INT191b 1.62E+02 1.0563E+04 3.3073E+04 2.3406E+04 3.2756E+04
INT161b=INT87d+NO2+N2 2.20E+02 6.1082E+03 3.4435E+04 6.0241E+03 5.6162E+04
INT147a=INT101a+NO2 3.72E+02 2.9198E+03 2.0929E+04 3.3885E+03 3.3572E+04
INT75b=CH2NCHO+H2O 1.32E+03 4.9345E+04 3.0014E+04 4.9573E+04 4.1604E+04
INT75b=INT45a+CH2O 2.96E+02 2.6903E+04 2.1254E+03 2.7297E+04 1.4182E+04
INT235a=INT235a_RO 1.23E+02 2.6983E+04 2.8432E+04 2.5351E+04 2.9681E+04
INT235a_RO=INT161a+N2+NO2 2.33E+02 1.8656E+03 2.9666E+04 2.5728E+03 5.2523E+04
INT235d=INT235d_RO 2.37E+02 1.5717E+04 1.2199E+04 1.6378E+04 1.5688E+04
INT235d_RO=INT145a+N2O+NO2 3.24E+02 1.1227E+04 1.6004E+04 8.9106E+03 3.6521E+04
INT145a=INT115a+NO 4.27E+02 1.7037E+03 1.3765E+04 1.0040E+03 2.4724E+04
INT145a=INT87d+CH2NNO 2.69E+02 3.0808E+04 1.2045E+04 2.8112E+04 2.2402E+04
INT161c=INT88d+INT73c 4.83E+02 1.6081E+04 1.3176E+04 1.5876E+04 2.4661E+04
CH2NHCHO+NO2=CH2NH+c_HONO+CO 1.06E+03 -4.5212E+03 1.2906E+04 5.3966E+03 3.2756E+04
CH2NHCHO+NO2=CH2NCHO+t_HONO 1.00E+00 1.7835E-08 2.2994E+04 0.0000E+00 2.2528E+04
CH2NCO+NO2=INT102h 1.00E+00 0.0000E+00 3.6948E+04 -1.7835E-08 2.5289E+04
INT102h=CH2NNO+CO2 4.93E+01 1.9999E+03 2.2219E+04 3.4513E+03 3.2693E+04
INT85d=CH2NCHO+N2 2.69E+02 1.3786E+04 9.6772E+04 1.4997E+04 1.0825E+05
INT84a+NO2=INT83c+c_HONO 1.38E+03 1.4150E+04 2.6105E+04 2.4473E+04 3.6270E+04
INT83c+NO2=INT129a 1.00E+00 0.0000E+00 2.9902E+04 0.0000E+00 1.8512E+04
INT129a=INT85d+CO2 6.64E+01 3.7450E+03 2.3047E+04 5.2711E+03 3.3383E+04
INT131a+NO2=INT84a+c_HONO+NO2 1.84E+03 2.4347E+04 3.0417E+04 3.5392E+04 5.4531E+04
INT86a+NO2=INT85a+c_HONO 1.29E+03 2.0151E+04 1.1314E+03 2.8865E+04 1.0542E+04
HCO+NO2=INT75c 1.00E+00 0.0000E+00 4.5610E+04 1.7835E-08 3.3258E+04
RDR+NO2=RDRONO 1.00E+00 0.0000E+00 2.0022E+04 0.0000E+00 6.2751E+03
INT128a+c_HONO=INT175d 7.83E+01 2.6889E+03 9.5902E+03 1.4809E+04 9.3499E+03
CH2NNO2+t_HONO=HCN+NO2+H2O+NO 8.37E+02 3.3436E+04 4.7612E+04 4.0788E+04 7.2854E+04
INT221a=INT175a+NO2 4.48E+02 2.6581E+03 2.2976E+04 2.9493E+03 3.5643E+04
CH2NNO2=CH2N+NO2 1.00E+00 2.7666E+04 0.0000E+00 1.4997E+04 0.0000E+00
CH2NNO2+CH2NNO2=INT75a+HCN+NO2 8.82E+02 4.2165E+04 3.2832E+04 4.9950E+04 4.8632E+04
INT128a+c_HONO=INT175b 9.49E+01 4.9561E+03 7.5847E+03 1.6629E+04 6.5261E+03
HCO+t_HONO=CO+H2O+NO 1.48E+03 7.7014E+03 5.5772E+04 1.6001E+04 7.2979E+04
INT84d=HCN+HCN+CH2O 4.52E+02 1.6566E+03 5.2442E+04 6.9026E+02 6.6014E+04
INT129b_RO=INT101a+CH2N 3.32E+02 1.1616E+04 7.3237E+03 1.1358E+04 1.8637E+04 
HCO+c_HONO=CO+H2O+NO 1.31E+03 8.3264E+03 5.7706E+04 1.6817E+04 7.5113E+04
INT84f=HCN+HCN+NO 5.94E+02 1.6728E+04 5.7422E+04 1.6441E+04 6.9528E+04
CH2NCHO+O2NNO2=INT149b 2.65E+02 2.6034E+04 4.5058E+04 3.8404E+04 4.4930E+04
CH2NH+ONNO2=INT105a 1.73E+02 7.2873E+03 2.9669E+04 1.9265E+04 2.9242E+04
ONONO2=O2NNO2 4.61E+02 3.0075E+04 3.8602E+04 2.9744E+04 3.6396E+04
INT104a+NO2=INT103a+c_HONO 1.48E+03 1.7408E+04 4.3737E+02 2.7046E+04 1.0479E+04
INT104a+CH2N=INT103a+CH2NH 1.73E+03 1.4024E+04 5.7266E+03 2.4222E+04 1.6001E+04
NH2CHO+NO2=NH2CO+c_HONO 1.36E+03 1.6054E+04 -4.9134E+02 2.6481E+04 1.0291E+04
NH2CHO+CH2N=NH2CO+CH2NH 1.73E+03 1.3284E+04 5.4135E+03 2.3281E+04 1.5437E+04
RDX+t_HONO=ONDNTA+HNO3 3.86E+02 5.3703E+04 5.3793E+04 6.4947E+04 6.5324E+04
RDX+INT101a=INT221a+INT102g 6.90E+02 4.3744E+04 -1.3419E+04 5.5597E+04 1.5060E+03
INT90a=INT62a+CO 1.09E+03 3.6603E+04 2.1140E+04 3.6772E+04 3.1689E+04
NH2CO+NO2=HNCO+t_HONO 6.36E+02 -3.1196E+04 1.4956E+04 -1.8449E+04 2.6544E+04
INT74a=CH2O+N2O 9.25E+02 2.0503E+04 7.0184E+04 1.9453E+04 8.1074E+04
RDX+INT102g=INT221a+INT103g 1.56E+03 1.3588E+04 2.0946E+04 2.5289E+04 3.2066E+04
CH2NNO2=INT74a 7.37E+02 3.6054E+04 2.3915E+04 3.7462E+04 2.3908E+04
INT103b=HNCO+CH2O+NO 3.88E+02 2.0940E+04 3.4783E+04 1.8825E+04 5.6664E+04
INT103g=INT103i 1.05E+03 2.5495E+04 9.8149E+03 2.6167E+04 1.1044E+04
INT62a=NH2NO2 1.99E+03 2.8548E+04 4.1055E+04 2.8614E+04 4.1102E+04
INT103g=INT103h 1.18E+03 2.4209E+04 4.3486E+02 2.4849E+04 1.6315E+03
INT103a=INT103b 1.32E+02 1.9861E+03 1.9793E+04 3.1375E+03 1.9139E+04
INT103g=CH2NNO2+CH2NH 1.57E+02 8.8441E+03 -2.0959E+02 7.0909E+03 1.0856E+04
RDX+INT102g=INT221a+INT103f 1.20E+03 9.0926E+03 2.4134E+04 2.1022E+04 3.6584E+04
HNO2=t_HONO 2.12E+03 5.0202E+04 5.4871E+04 4.9950E+04 5.4907E+04
INT175a+INT102g=INT174b+INT103g 1.65E+03 1.3271E+04 1.9679E+04 2.5289E+04 3.0622E+04
INT204a=INT204b 2.99E+02 1.6396E+04 1.1737E+04 1.7131E+04 1.5813E+04
RDX+INT103h=INT221a+INT104f 1.28E+03 1.1459E+04 -4.9448E+02 2.1649E+04 1.1923E+04
INT204b=INT130e+NO2+N2 2.18E+02 6.9057E+03 3.2234E+04 7.1536E+03 5.4782E+04
INT104f=CH2NH+CH2NH+NO2 4.09E+02 1.5934E+04 1.5336E+04 1.3366E+04 3.6647E+04
INT130e=INT84a+NO2 4.17E+02 2.3676E+03 2.1706E+04 2.5100E+03 3.4325E+04
TAZ+CH2NNO2=INT155a 2.22E+02 5.1286E+03 3.8058E+03 1.7131E+04 2.3845E+03
TAZ+INT84a=INT165a 2.65E+02 1.3341E+04 7.2804E+03 2.6104E+04 6.7143E+03
TAZ+INT101a=INT182a 2.28E+02 8.2116E+03 1.0053E+04 2.0206E+04 9.8519E+03
INT155a+ONNO2=INT231a 2.81E+02 1.9376E+04 1.5966E+04 3.2066E+04 1.4935E+04
INT155a+ONNO2=INT231b 2.91E+02 2.0793E+04 1.3690E+04 3.2819E+04 1.3742E+04
INT165a=INT165b 1.02E+03 1.3938E+04 4.0110E+03 1.5813E+04 5.8986E+03
INT165b+CH2NNO2=INT239a 3.16E+02 4.0456E+03 1.7086E+04 1.6503E+04 1.7445E+04
INT165a+ONNO2=INT241a 2.84E+02 1.4631E+04 1.5097E+04 2.5728E+04 1.4495E+04
INT165a+ONNO2=INT241b 2.93E+02 1.4860E+04 1.4761E+04 2.5979E+04 1.4558E+04
INT182a+ONNO2=INT258a 2.85E+02 1.8151E+04 1.4844E+04 3.1124E+04 1.4684E+04
INT182a+ONNO2=INT258b 2.93E+02 2.4858E+04 1.2535E+04 3.8466E+04 1.2989E+04
INT182a+INT101a=INT283a 2.81E+02 1.6741E+04 9.4817E+02 2.9179E+04 1.0668E+03
INT231a=INT231c 1.34E+02 2.7297E+03 -1.8198E+02 2.6355E+03 1.2550E+03
INT231b=INT231d 2.33E+02 6.3692E+03 2.4730E+03 6.7771E+03 4.0161E+03
INT241a=INT241c 1.06E+02 1.8071E+04 1.9210E+04 1.7508E+04 2.2339E+04
INT258b=INT258d 2.13E+02 1.2236E+03 2.2885E+03 9.4126E+02 4.2671E+03
INT283a+ONNO2=INT359a 6.56E+01 1.2902E+04 1.1589E+04 2.6606E+04 1.1609E+04
HNCO+NO2=INT59a+NO 7.42E+02 4.2585E+04 3.0459E+03 5.4468E+04 1.3742E+04
HNCO+NO2=INT89b 4.53E+02 3.6695E+04 -1.3742E+02 4.7753E+04 -4.3926E+02
HNCO+ONNO2=ONNH+CO2+NO 3.34E+02 2.7984E+04 4.3367E+04 3.9847E+04 6.4194E+04
INT59a+NO=CO2+ONNH 1.86E+02 -3.4450E+02 6.4817E+04 7.1536E+03 7.1913E+04
INT359a=INT359b 2.23E+02 1.4781E+04 1.1892E+04 1.5437E+04 1.5625E+04
CH2O+ONNO2=t_HONO+CO+HNO 1.32E+03 2.6411E+04 3.2186E+04 3.6898E+04 5.2585E+04
CH2O+c_HONO=INT77a 4.13E+02 2.5403E+04 3.4449E+04 3.6898E+04 3.4387E+04
CH2O+t_HONO=INT77a 4.18E+02 2.6647E+04 3.4383E+04 3.8090E+04 3.4262E+04
CH2O+c_HONO=ONCHO+H2O 1.47E+03 3.9605E+04 5.0001E+04 5.0075E+04 6.0492E+04
CH2O+t_HONO=ONCHO+H2O 1.54E+03 4.0582E+04 4.9669E+04 5.0514E+04 5.9613E+04
HNCO+c_HONO=INT90b 5.04E+02 1.3776E+04 1.9797E+04 2.5289E+04 2.0771E+04
INT77a=HCOOH+HNO 8.02E+02 2.5037E+04 3.5969E+04 2.5289E+04 4.7565E+04
HNCO+ONNO2=INT89c+NO 3.34E+02 2.7986E+04 4.9987E+03 3.9847E+04 1.6001E+04
INT89c+NO=INT75d+CO2 4.18E+02 -1.4805E+04 3.2487E+04 -4.1416E+03 4.1855E+04
INT90b=NH2NO+CO2 1.36E+02 9.5469E+03 3.5066E+04 1.0228E+04 4.4741E+04
INT359b=INT285a+NO2+N2 2.91E+02 9.3273E+03 6.6434E+04 1.0166E+04 8.9797E+04
INT359b=INT258c+INT101a 3.04E+02 8.3427E+03 2.4906E+04 8.1576E+03 3.8404E+04
INT258c=INT157b+INT101a 2.09E+02 1.4288E+04 6.1320E+03 1.3742E+04 1.9076E+04
HCOOH+t_HONO=INT93a 4.36E+02 3.4244E+04 2.0752E+04 4.5871E+04 2.0582E+04
CH2NNO2+HON=CH2NNO+t_HONO 1.98E+02 2.7610E+03 6.1162E+04 1.3429E+04 7.2540E+04
INT285a=INT184a+INT101a 1.97E+02 1.4536E+04 5.7725E+03 1.3366E+04 1.7508E+04
HON+H2O=HNO+H2O 1.46E+03 -3.7337E+02 3.7542E+04 1.0668E+04 4.8632E+04
HON+HCOOH=HNO+CO+H2O 6.33E+02 1.7519E+04 4.6163E+04 2.8238E+04 6.7143E+04
HON+N2O=c_HONO+N2 8.22E+02 2.6786E+04 1.2371E+05 3.6960E+04 1.3378E+05 
HON+t_HONO=H2O+NO+NO 7.88E+02 -2.4674E+03 5.7522E+04 6.1496E+03 7.5866E+04
INT157b=INT157c 1.57E+02 5.4041E+03 -5.2146E+02 7.7811E+03 1.2550E+02
INT93a=INT75e+H2O 1.73E+03 4.1092E+04 4.9640E+04 4.1227E+04 6.1810E+04
HON+NO2=NO+c_HONO 1.16E+03 -2.0006E+04 4.5292E+04 -1.0730E+04 5.3652E+04
INT184a=INT138a+NO2 3.76E+02 2.9254E+03 1.9869E+04 2.4473E+03 3.2630E+04
INT90a+HON=ONNO2+NH2CHO 9.93E+02 8.9282E+03 7.5516E+04 2.0708E+04 8.8479E+04
INT75e=CO2+HON 1.08E+03 3.1091E+04 1.5338E+04 3.0873E+04 2.4285E+04
RDX+HON=INT223a+NO 3.97E+02 -6.9465E+02 2.5821E+04 1.0354E+04 3.7588E+04
INT223a+NO=ONDNTA+t_HONO 1.93E+02 1.3244E+04 5.5221E+04 2.4849E+04 6.7018E+04
INT175a+HON=ONDNTA 8.42E+02 5.9482E+03 6.1093E+04 1.7319E+04 5.9488E+04
HON+NO=HNO+NO 1.79E+03 -1.8303E+04 1.9612E+04 -9.9146E+03 2.8050E+04
INT157c=INT157d 9.19E+02 1.4111E+04 3.3463E+04 1.6252E+04 3.5956E+04
INT138a=INT138b 9.50E+02 1.9535E+04 2.3316E+04 2.2277E+04 2.6104E+04
HCO+NO=CO+HNO 1.00E+00 0.0000E+00 2.5996E+04 0.0000E+00 2.5226E+04
INT138b=INT110a+CO 4.50E+02 5.2854E+04 4.1107E+04 5.5284E+04 5.3589E+04
INT138a+ONNO2=INT214a 2.47E+02 1.2224E+04 2.8182E+04 2.5100E+04 2.7861E+04
INT110a+ONNO2=INT186a 2.46E+02 9.5237E+03 2.8089E+04 2.2151E+04 2.7297E+04
INT214a=INT184b+CH2O 1.80E+02 1.8749E+04 3.2812E+03 1.9076E+04 1.6692E+04
INT186a=INT156a+CH2O 1.81E+02 1.9157E+04 3.4820E+03 1.9265E+04 1.6754E+04
INT184b=INT110b+NO2+N2 2.37E+02 1.1532E+04 3.0179E+04 1.1483E+04 5.1581E+04
INT156a=INT82a+NO2+N2 2.22E+02 9.4672E+03 2.7473E+04 9.2871E+03 4.9259E+04
INT110b+c_HONO=INT111b+NO2 1.45E+03 2.7297E+03 1.9701E+04 1.1860E+04 2.8928E+04
INT82a+c_HONO=INT83a+NO2 1.38E+03 8.6157E+02 1.8921E+04 1.0417E+04 2.8175E+04
INT83a+ONNO2=INT159c 2.31E+02 1.4659E+04 2.7812E+04 2.7046E+04 2.7234E+04
INT111b+ONNO2=INT187a 2.30E+02 1.2442E+04 2.8183E+04 2.5853E+04 2.8175E+04
INT187a=INT157b+CH2O 1.81E+02 1.8854E+04 4.6680E+03 1.9076E+04 1.9139E+04
INT159c=INT129d+CH2O 1.84E+02 1.9871E+04 3.1112E+03 2.0206E+04 1.7382E+04
INT129d=INT55a+NO2+N2 2.58E+02 6.8951E+03 2.1579E+04 7.7184E+03 4.4428E+04
INT157b=INT83b+NO2+N2 2.31E+02 1.3077E+04 2.9947E+04 1.3931E+04 5.1393E+04
INT56a+ONNO2=INT132e 2.05E+02 1.0123E+04 2.8905E+04 2.2716E+04 2.8677E+04
INT84a+ONNO2=INT160a 2.39E+02 1.0978E+04 2.9505E+04 2.3469E+04 2.9054E+04
INT132e=INT102c+CH2O 1.91E+02 2.1416E+04 4.0788E+03 2.1398E+04 1.7319E+04
INT160a=INT130f+CH2O 1.83E+02 2.0303E+04 3.3572E+03 2.0771E+04 1.6943E+04
INT130f=HCNCHO+NO2+N2 2.36E+02 1.0513E+04 2.6983E+04 1.0542E+04 4.8946E+04
INT102c=INT28a+NO2+N2 2.51E+02 5.8772E+03 1.9490E+04 5.9613E+03 4.0976E+04
INT105a=INT75f+CH2O 2.55E+02 2.2880E+04 4.7528E+03 2.3030E+04 1.7633E+04
INT75f=INT75d 1.23E+02 3.7538E+03 9.3863E+03 4.8946E+03 9.6636E+03
INT75d+H2O=INT75g+H2O 2.76E+02 2.0023E+04 1.1194E+04 3.0622E+04 2.1775E+04
INT75f=NO2+N2H 2.47E+02 3.9370E+03 3.7525E+03 4.2043E+03 1.5437E+04
CH2NCHO+H2O=CH2NH+CO+H2O 8.72E+02 3.7937E+04 3.3680E+04 4.6687E+04 5.2836E+04
INT75f+NO2=c_HONO+N2O+NO 9.18E+02 8.0823E+03 5.0123E+04 1.6943E+04 6.7394E+04
INT75c+NO2=NO2+CO+c_HONO 1.72E+03 2.0219E+04 2.7988E+04 2.9179E+04 4.7565E+04
INT84a+t_HONO=INT55d+CO+H2O+NO 1.27E+03 4.3582E+04 1.9529E+04 5.3276E+04 5.0452E+04
INT75g=N2O+HNO 7.20E+02 2.9711E+04 4.7566E+04 2.9869E+04 5.7982E+04
INT55d+NO=INT85d 1.00E+00 0.0000E+00 2.4723E+04 0.0000E+00 1.3115E+04
INT86e+NO2=INT85b+c_HONO 8.81E+02 2.9932E+02 -7.3852E+03 9.1616E+03 2.1335E+03
HNO2+CH2N=NO2+CH2NH 1.53E+03 -1.4031E+03 1.0630E+04 8.1576E+03 2.0143E+04
INT76a=CH2O+NH2NO 2.30E+02 3.0067E+04 3.4334E+04 2.9932E+04 4.6185E+04
HNO2+NO2=t_HONO+NO2 2.36E+03 1.7620E+04 2.2288E+04 2.7736E+04 3.2693E+04
HNO2+NO2=c_HONO+NO2 1.87E+03 1.1340E+04 1.4699E+04 2.1210E+04 2.4849E+04
INT105a=CH2O+INT75d 3.39E+02 3.8946E+04 2.6451E+04 3.7964E+04 3.7337E+04
INT132e=CH2O+INT102i 2.46E+02 3.3630E+04 1.7922E+04 3.3007E+04 2.9493E+04
INT159c=CH2O+INT129e 2.22E+02 2.8299E+04 1.6209E+04 2.6732E+04 2.8112E+04
HNO2+t_HONO=NO2+NO+H2O 7.03E+01 1.0068E+04 8.1193E+03 1.9767E+04 2.8740E+04
INT162b=CH2O+INT132f 2.50E+02 3.2926E+04 1.8575E+04 3.2693E+04 3.0622E+04
INT102c=INT102i 7.02E+01 1.8405E+03 3.4695E+03 3.2003E+03 3.7651E+03
INT161f=CH2O+INT131c 2.67E+02 3.3203E+04 1.8038E+04 3.2191E+04 2.9367E+04
INT129e=INT129d 8.05E+01 3.1583E+03 -1.5117E+03 4.4553E+03 2.5100E+02
INT132f=INT132d 4.66E+01 4.2595E+03 3.2706E+03 4.8318E+03 4.2671E+03
INT160a=CH2O+INT130g 8.55E+01 2.9423E+04 1.2978E+04 2.7610E+04 2.4159E+04
INT131c=INT131b 6.21E+01 4.0851E+03 3.8146E+03 4.8318E+03 5.2711E+03
INT74c=INT74d 2.45E+02 1.8130E+04 -7.1636E+03 1.8323E+04 -6.0241E+03
INT28a+NO2=INT74d 1.00E+00 0.0000E+00 6.0105E+04 0.0000E+00 4.8255E+04
INT28a+t_HONO=INT45a+NO 6.58E+02 1.1071E+04 6.7975E+04 2.0394E+04 7.5929E+04
ONNH+NO2=N2O+c_HONO 1.00E+00 -1.7835E-08 4.5329E+04 -1.7835E-08 4.3486E+04
INT28a+t_HONO=CH2NH+NO2 1.03E+03 2.9662E+03 2.2972E+04 1.2738E+04 3.2442E+04
INT130g=INT130f 1.46E+02 -2.1756E+03 -2.6757E+03 -9.4126E+02 -1.3178E+03